0.0000 0.0000 0.0000
0.3130 0.0000 -0.0200
0.4427 0.0000 -0.0399
0.5422 0.0000 -0.0598
0.6261 0.0000 -0.0797
0.7000 0.0000 -0.0995
0.7668 0.0000 -0.1193
0.8283 0.0000 -0.1390
0.8854 0.0000 -0.1587
0.9391 0.0000 -0.1784
0.9899 0.0000 -0.1980
1.0383 0.0000 -0.2176
1.0844 0.0000 -0.2371
1.1287 0.0000 -0.2566
1.1713 0.0000 -0.2761
1.2124 0.0000 -0.2955
1.2522 0.0000 -0.3149
1.2907 0.0000 -0.3342
1.3282 0.0000 -0.3535
1.3646 0.0000 -0.3728
1.4000 0.0000 -0.3920
1.4346 0.0000 -0.4112
1.4683 0.0000 -0.4303
1.5013 0.0000 -0.4494
1.5336 0.0000 -0.4685
1.5652 0.0000 -0.4875
1.5962 0.0000 -0.5065
1.6267 0.0000 -0.5254
1.6565 0.0000 -0.5443
1.6858 0.0000 -0.5632
1.7146 0.0000 -0.5820
1.7430 0.0000 -0.6008
1.7709 0.0000 -0.6195
1.7983 0.0000 -0.6382
1.8254 0.0000 -0.6569
1.8520 0.0000 -0.6755
1.8783 0.0000 -0.6941
1.9042 0.0000 -0.7126
1.9298 0.0000 -0.7311
1.9550 0.0000 -0.7496
1.9799 0.0000 -0.7680
2.0045 0.0000 -0.7864
2.0288 0.0000 -0.8047
2.0528 0.0000 -0.8230
2.0765 0.0000 -0.8413
2.1000 0.0000 -0.8595
2.1232 0.0000 -0.8777
2.1462 0.0000 -0.8958
2.1689 0.0000 -0.9139
2.1913 0.0000 -0.9320
2.2136 0.0000 -0.9500
2.2356 0.0000 -0.9680
2.2574 0.0000 -0.9859
2.2790 0.0000 -1.0038
2.3004 0.0000 -1.0217
2.3216 0.0000 -1.0395
2.3426 0.0000 -1.0573
2.3635 0.0000 -1.0750
2.3841 0.0000 -1.0927
2.4046 0.0000 -1.1104
2.4249 0.0000 -1.1280
2.4450 0.0000 -1.1456
2.4650 0.0000 -1.1631
2.4848 0.0000 -1.1806
2.5044 0.0000 -1.1981
2.5239 0.0000 -1.2155
2.5432 0.0000 -1.2329
2.5624 0.0000 -1.2502
2.5815 0.0000 -1.2675
2.6004 0.0000 -1.2848
2.6192 0.0000 -1.3020
2.6378 0.0000 -1.3192
2.6563 0.0000 -1.3363
2.6747 0.0000 -1.3534
2.6930 0.0000 -1.3705
2.7111 0.0000 -1.3875
2.7291 0.0000 -1.4045
2.7470 0.0000 -1.4214
2.7648 0.0000 -1.4383
2.7824 0.0000 -1.4552
2.8000 0.0000 -1.4720
2.8174 0.0000 -1.4888
2.8348 0.0000 -1.5055
2.8520 0.0000 -1.5222
2.8691 0.0000 -1.5389
2.8862 0.0000 -1.5555
2.9031 0.0000 -1.5721
2.9199 0.0000 -1.5886
2.9367 0.0000 -1.6051
2.9533 0.0000 -1.6216
2.9698 0.0000 -1.6380
2.9863 0.0000 -1.6544
3.0027 0.0000 -1.6707
3.0189 0.0000 -1.6870
3.0351 0.0000 -1.7033
3.0512 0.0000 -1.7195
3.0672 0.0000 -1.7357
3.0832 0.0000 -1.7518
3.0990 0.0000 -1.7679
3.1148 0.0000 -1.7840
3.1305 0.0000 -1.8000
3.1461 0.0000 -1.8160
3.1616 0.0000 -1.8319
3.1771 0.0000 -1.8478
3.1925 0.0000 -1.8637
3.2078 0.0000 -1.8795
3.2230 0.0000 -1.8953
3.2382 0.0000 -1.9110
3.2533 0.0000 -1.9267
3.2683 0.0000 -1.9424
3.2833 0.0000 -1.9580
3.2982 0.0000 -1.9736
3.3130 0.0000 -1.9891
3.3278 0.0000 -2.0046
3.3425 0.0000 -2.0201
3.3571 0.0000 -2.0355
3.3716 0.0000 -2.0509
3.3861 0.0000 -2.0662
3.4006 0.0000 -2.0815
3.4150 0.0000 -2.0968
3.4293 0.0000 -2.1120
3.4435 0.0000 -2.1272
3.4577 0.0000 -2.1423
3.4719 0.0000 -2.1574
3.4860 0.0000 -2.1725
3.5000 0.0000 -2.1875
3.5140 0.0000 -2.2025
3.5279 0.0000 -2.2174
3.5418 0.0000 -2.2323
3.5556 0.0000 -2.2472
3.5693 0.0000 -2.2620
3.5830 0.0000 -2.2768
3.5967 0.0000 -2.2915
3.6103 0.0000 -2.3062
3.6238 0.0000 -2.3209
3.6373 0.0000 -2.3355
3.6508 0.0000 -2.3501
3.6642 0.0000 -2.3646
3.6775 0.0000 -2.3791
3.6908 0.0000 -2.3936
3.7041 0.0000 -2.4080
3.7173 0.0000 -2.4224
3.7304 0.0000 -2.4367
3.7435 0.0000 -2.4510
3.7566 0.0000 -2.4653
3.7696 0.0000 -2.4795
3.7826 0.0000 -2.4937
3.7955 0.0000 -2.5078
3.8084 0.0000 -2.5219
3.8213 0.0000 -2.5360
3.8341 0.0000 -2.5500
3.8468 0.0000 -2.5640
3.8595 0.0000 -2.5779
3.8722 0.0000 -2.5918
3.8848 0.0000 -2.6057
3.8974 0.0000 -2.6195
3.9100 0.0000 -2.6333
3.9225 0.0000 -2.6470
3.9350 0.0000 -2.6607
3.9474 0.0000 -2.6744
3.9598 0.0000 -2.6880
3.9722 0.0000 -2.7016
3.9845 0.0000 -2.7151
3.9967 0.0000 -2.7286
4.0090 0.0000 -2.7421
4.0212 0.0000 -2.7555
4.0334 0.0000 -2.7689
4.0455 0.0000 -2.7822
4.0576 0.0000 -2.7955
4.0696 0.0000 -2.8088
4.0817 0.0000 -2.8220
4.0937 0.0000 -2.8352
4.1056 0.0000 -2.8483
4.1175 0.0000 -2.8614
4.1294 0.0000 -2.8745
4.1413 0.0000 -2.8875
4.1531 0.0000 -2.9005
4.1649 0.0000 -2.9134
4.1766 0.0000 -2.9263
4.1883 0.0000 -2.9392
4.2000 0.0000 -2.9520
4.2117 0.0000 -2.9648
4.2233 0.0000 -2.9775
4.2349 0.0000 -2.9902
4.2464 0.0000 -3.0029
4.2579 0.0000 -3.0155
4.2694 0.0000 -3.0281
4.2809 0.0000 -3.0406
4.2923 0.0000 -3.0531
4.3037 0.0000 -3.0656
4.3151 0.0000 -3.0780
4.3264 0.0000 -3.0904
4.3377 0.0000 -3.1027
4.3490 0.0000 -3.1150
4.3603 0.0000 -3.1273
4.3715 0.0000 -3.1395
4.3827 0.0000 -3.1517
4.3939 0.0000 -3.1638
4.4050 0.0000 -3.1759
4.4161 0.0000 -3.1880
4.4272 0.0000 -3.2000
4.4382 0.0000 -3.2120
4.4493 0.0000 -3.2239
4.4603 0.0000 -3.2358
4.4712 0.0000 -3.2477
4.4822 0.0000 -3.2595
4.4931 0.0000 -3.2713
4.5040 0.0000 -3.2830
4.5149 0.0000 -3.2947
4.5257 0.0000 -3.3064
4.5365 0.0000 -3.3180
4.5473 0.0000 -3.3296
4.5581 0.0000 -3.3411
4.5688 0.0000 -3.3526
4.5795 0.0000 -3.3641
4.5902 0.0000 -3.3755
4.6009 0.0000 -3.3869
4.6115 0.0000 -3.3982
4.6221 0.0000 -3.4095
4.6327 0.0000 -3.4208
4.6433 0.0000 -3.4320
4.6538 0.0000 -3.4432
4.6643 0.0000 -3.4543
4.6748 0.0000 -3.4654
4.6853 0.0000 -3.4765
4.6957 0.0000 -3.4875
4.7062 0.0000 -3.4985
4.7166 0.0000 -3.5094
4.7269 0.0000 -3.5203
4.7373 0.0000 -3.5312
4.7476 0.0000 -3.5420
4.7579 0.0000 -3.5528
4.7682 0.0000 -3.5635
4.7785 0.0000 -3.5742
4.7887 0.0000 -3.5849
4.7990 0.0000 -3.5955
4.8092 0.0000 -3.6061
4.8193 0.0000 -3.6166
4.8295 0.0000 -3.6271
4.8396 0.0000 -3.6376
4.8497 0.0000 -3.6480
4.8598 0.0000 -3.6584
4.8699 0.0000 -3.6687
4.8800 0.0000 -3.6790
4.8900 0.0000 -3.6893
4.9000 0.0000 -3.6995
4.9100 0.0000 -3.7097
4.9200 0.0000 -3.7198
4.9299 0.0000 -3.7299
4.9398 0.0000 -3.7400
4.9497 0.0000 -3.7500
4.9596 0.0000 -3.7600
4.9695 0.0000 -3.7699
4.9794 0.0000 -3.7798
4.9892 0.0000 -3.7897
4.9990 0.0000 -3.7995
5.0088 0.0000 -3.8093
5.0186 0.0000 -3.8190
5.0283 0.0000 -3.8287
5.0381 0.0000 -3.8384
5.0478 0.0000 -3.8480
5.0575 0.0000 -3.8576
5.0671 0.0000 -3.8671
5.0768 0.0000 -3.8766
5.0865 0.0000 -3.8861
5.0961 0.0000 -3.8955
5.1057 0.0000 -3.9049
5.1153 0.0000 -3.9142
5.1248 0.0000 -3.9235
5.1344 0.0000 -3.9328
5.1439 0.0000 -3.9420
5.1534 0.0000 -3.9512
5.1629 0.0000 -3.9603
5.1724 0.0000 -3.9694
5.1819 0.0000 -3.9785
5.1913 0.0000 -3.9875
5.2008 0.0000 -3.9965
5.2102 0.0000 -4.0054
5.2196 0.0000 -4.0143
5.2290 0.0000 -4.0232
5.2383 0.0000 -4.0320
5.2477 0.0000 -4.0408
5.2570 0.0000 -4.0495
5.2663 0.0000 -4.0582
5.2756 0.0000 -4.0669
5.2849 0.0000 -4.0755
5.2941 0.0000 -4.0841
5.3034 0.0000 -4.0926
5.3126 0.0000 -4.1011
5.3218 0.0000 -4.1096
5.3310 0.0000 -4.1180
5.3402 0.0000 -4.1264
5.3494 0.0000 -4.1347
5.3585 0.0000 -4.1430
5.3677 0.0000 -4.1513
5.3768 0.0000 -4.1595
5.3859 0.0000 -4.1677
5.3950 0.0000 -4.1758
5.4041 0.0000 -4.1839
5.4131 0.0000 -4.1920
5.4222 0.0000 -4.2000
5.4312 0.0000 -4.2080
5.4402 0.0000 -4.2159
5.4492 0.0000 -4.2238
5.4582 0.0000 -4.2317
5.4672 0.0000 -4.2395
5.4761 0.0000 -4.2473
5.4851 0.0000 -4.2550
5.4940 0.0000 -4.2627
5.5029 0.0000 -4.2704
5.5118 0.0000 -4.2780
5.5207 0.0000 -4.2856
5.5296 0.0000 -4.2931
5.5384 0.0000 -4.3006
5.5473 0.0000 -4.3081
5.5561 0.0000 -4.3155
5.5649 0.0000 -4.3229
5.5737 0.0000 -4.3302
5.5825 0.0000 -4.3375
5.5912 0.0000 -4.3448
5.6000 0.0000 -4.3520
5.6087 0.0000 -4.3592
5.6175 0.0000 -4.3663
5.6262 0.0000 -4.3734
5.6349 0.0000 -4.3805
5.6436 0.0000 -4.3875
5.6523 0.0000 -4.3945
5.6609 0.0000 -4.4014
5.6696 0.0000 -4.4083
5.6782 0.0000 -4.4152
5.6868 0.0000 -4.4220
5.6954 0.0000 -4.4288
5.7040 0.0000 -4.4355
5.7126 0.0000 -4.4422
5.7212 0.0000 -4.4489
5.7297 0.0000 -4.4555
5.7383 0.0000 -4.4621
5.7468 0.0000 -4.4686
5.7553 0.0000 -4.4751
5.7639 0.0000 -4.4816
5.7723 0.0000 -4.4880
5.7808 0.0000 -4.4944
5.7893 0.0000 -4.5007
5.7978 0.0000 -4.5070
5.8062 0.0000 -4.5133
5.8146 0.0000 -4.5195
5.8231 0.0000 -4.5257
5.8315 0.0000 -4.5318
5.8399 0.0000 -4.5379
5.8482 0.0000 -4.5440
5.8566 0.0000 -4.5500
5.8650 0.0000 -4.5560
5.8733 0.0000 -4.5619
5.8817 0.0000 -4.5678
5.8900 0.0000 -4.5737
5.8983 0.0000 -4.5795
5.9066 0.0000 -4.5853
5.9149 0.0000 -4.5910
5.9232 0.0000 -4.5967
5.9314 0.0000 -4.6024
5.9397 0.0000 -4.6080
5.9479 0.0000 -4.6136
5.9562 0.0000 -4.6191
5.9644 0.0000 -4.6246
5.9726 0.0000 -4.6301
5.9808 0.0000 -4.6355
5.9890 0.0000 -4.6409
5.9972 0.0000 -4.6462
6.0053 0.0000 -4.6515
6.0135 0.0000 -4.6568
6.0216 0.0000 -4.6620
6.0298 0.0000 -4.6672
6.0379 0.0000 -4.6723
6.0460 0.0000 -4.6774
6.0541 0.0000 -4.6825
6.0622 0.0000 -4.6875
6.0703 0.0000 -4.6925
6.0783 0.0000 -4.6974
6.0864 0.0000 -4.7023
6.0944 0.0000 -4.7072
6.1025 0.0000 -4.7120
6.1105 0.0000 -4.7168
6.1185 0.0000 -4.7215
6.1265 0.0000 -4.7262
6.1345 0.0000 -4.7309
6.1425 0.0000 -4.7355
6.1504 0.0000 -4.7401
6.1584 0.0000 -4.7446
6.1664 0.0000 -4.7491
6.1743 0.0000 -4.7536
6.1822 0.0000 -4.7580
6.1902 0.0000 -4.7624
6.1981 0.0000 -4.7667
6.2060 0.0000 -4.7710
6.2139 0.0000 -4.7753
6.2217 0.0000 -4.7795
6.2296 0.0000 -4.7837
6.2375 0.0000 -4.7878
6.2453 0.0000 -4.7919
6.2532 0.0000 -4.7960
6.2610 0.0000 -4.8000
6.2688 0.0000 -4.8040
6.2766 0.0000 -4.8079
6.2844 0.0000 -4.8118
6.2922 0.0000 -4.8157
6.3000 0.0000 -4.8195
6.3078 0.0000 -4.8233
6.3155 0.0000 -4.8270
6.3233 0.0000 -4.8307
6.3310 0.0000 -4.8344
6.3388 0.0000 -4.8380
6.3465 0.0000 -4.8416
6.3542 0.0000 -4.8451
6.3619 0.0000 -4.8486
6.3696 0.0000 -4.8521
6.3773 0.0000 -4.8555
6.3850 0.0000 -4.8589
6.3927 0.0000 -4.8622
6.4003 0.0000 -4.8655
6.4080 0.0000 -4.8688
6.4156 0.0000 -4.8720
6.4232 0.0000 -4.8752
6.4309 0.0000 -4.8783
6.4385 0.0000 -4.8814
6.4461 0.0000 -4.8845
6.4537 0.0000 -4.8875
6.4613 0.0000 -4.8905
6.4688 0.0000 -4.8934
6.4764 0.0000 -4.8963
6.4840 0.0000 -4.8992
6.4915 0.0000 -4.9020
6.4991 0.0000 -4.9048
6.5066 0.0000 -4.9075
6.5141 0.0000 -4.9102
6.5217 0.0000 -4.9129
6.5292 0.0000 -4.9155
6.5367 0.0000 -4.9181
6.5442 0.0000 -4.9206
6.5516 0.0000 -4.9231
6.5591 0.0000 -4.9256
6.5666 0.0000 -4.9280
6.5740 0.0000 -4.9304
6.5815 0.0000 -4.9327
6.5889 0.0000 -4.9350
6.5964 0.0000 -4.9373
6.6038 0.0000 -4.9395
6.6112 0.0000 -4.9417
6.6186 0.0000 -4.9438
6.6260 0.0000 -4.9459
6.6334 0.0000 -4.9480
6.6408 0.0000 -4.9500
6.6482 0.0000 -4.9520
6.6555 0.0000 -4.9539
6.6629 0.0000 -4.9558
6.6702 0.0000 -4.9577
6.6776 0.0000 -4.9595
6.6849 0.0000 -4.9613
6.6922 0.0000 -4.9630
6.6996 0.0000 -4.9647
6.7069 0.0000 -4.9664
6.7142 0.0000 -4.9680
6.7215 0.0000 -4.9696
6.7287 0.0000 -4.9711
6.7360 0.0000 -4.9726
6.7433 0.0000 -4.9741
6.7506 0.0000 -4.9755
6.7578 0.0000 -4.9769
6.7651 0.0000 -4.9782
6.7723 0.0000 -4.9795
6.7795 0.0000 -4.9808
6.7868 0.0000 -4.9820
6.7940 0.0000 -4.9832
6.8012 0.0000 -4.9843
6.8084 0.0000 -4.9854
6.8156 0.0000 -4.9865
6.8228 0.0000 -4.9875
6.8299 0.0000 -4.9885
6.8371 0.0000 -4.9894
6.8443 0.0000 -4.9903
6.8514 0.0000 -4.9912
6.8586 0.0000 -4.9920
6.8657 0.0000 -4.9928
6.8728 0.0000 -4.9935
6.8800 0.0000 -4.9942
6.8871 0.0000 -4.9949
6.8942 0.0000 -4.9955
6.9013 0.0000 -4.9961
6.9084 0.0000 -4.9966
6.9155 0.0000 -4.9971
6.9226 0.0000 -4.9976
6.9296 0.0000 -4.9980
6.9367 0.0000 -4.9984
6.9438 0.0000 -4.9987
6.9508 0.0000 -4.9990
6.9579 0.0000 -4.9993
6.9649 0.0000 -4.9995
6.9719 0.0000 -4.9997
6.9790 0.0000 -4.9998
6.9860 0.0000 -4.9999
6.9930 0.0000 -5.0000
7.0000 0.0000 -5.0000
7.0000 0.0000 -5.0000
7.0159 0.0000 -4.9999
7.0317 0.0000 -4.9995
7.0476 0.0000 -4.9989
7.0634 0.0000 -4.9980
7.0792 0.0000 -4.9969
7.0951 0.0000 -4.9955
7.1108 0.0000 -4.9938
7.1266 0.0000 -4.9920
7.1423 0.0000 -4.9898
7.1580 0.0000 -4.9874
7.1736 0.0000 -4.9848
7.1893 0.0000 -4.9819
7.2048 0.0000 -4.9788
7.2203 0.0000 -4.9754
7.2358 0.0000 -4.9718
7.2511 0.0000 -4.9679
7.2665 0.0000 -4.9638
7.2817 0.0000 -4.9595
7.2969 0.0000 -4.9549
7.3120 0.0000 -4.9501
7.3271 0.0000 -4.9450
7.3420 0.0000 -4.9397
7.3569 0.0000 -4.9341
7.3717 0.0000 -4.9284
7.3863 0.0000 -4.9224
7.4009 0.0000 -4.9161
7.4154 0.0000 -4.9096
7.4298 0.0000 -4.9029
7.4441 0.0000 -4.8960
7.4582 0.0000 -4.8888
7.4723 0.0000 -4.8815
7.4862 0.0000 -4.8738
7.5000 0.0000 -4.8660
7.5137 0.0000 -4.8580
7.5272 0.0000 -4.8497
7.5406 0.0000 -4.8413
7.5539 0.0000 -4.8326
7.5671 0.0000 -4.8237
7.5801 0.0000 -4.8146
7.5929 0.0000 -4.8053
7.6056 0.0000 -4.7958
7.6182 0.0000 -4.7861
7.6306 0.0000 -4.7761
7.6428 0.0000 -4.7660
7.6549 0.0000 -4.7557
7.6668 0.0000 -4.7453
7.6785 0.0000 -4.7346
7.6901 0.0000 -4.7237
7.7015 0.0000 -4.7127
7.7127 0.0000 -4.7015
7.7237 0.0000 -4.6901
7.7346 0.0000 -4.6785
7.7453 0.0000 -4.6668
7.7557 0.0000 -4.6549
7.7660 0.0000 -4.6428
7.7761 0.0000 -4.6306
7.7861 0.0000 -4.6182
7.7958 0.0000 -4.6056
7.8053 0.0000 -4.5929
7.8146 0.0000 -4.5801
7.8237 0.0000 -4.5671
7.8326 0.0000 -4.5539
7.8413 0.0000 -4.5406
7.8497 0.0000 -4.5272
7.8580 0.0000 -4.5137
7.8660 0.0000 -4.5000
7.8738 0.0000 -4.4862
7.8815 0.0000 -4.4723
7.8888 0.0000 -4.4582
7.8960 0.0000 -4.4441
7.9029 0.0000 -4.4298
7.9096 0.0000 -4.4154
7.9161 0.0000 -4.4009
7.9224 0.0000 -4.3863
7.9284 0.0000 -4.3717
7.9341 0.0000 -4.3569
7.9397 0.0000 -4.3420
7.9450 0.0000 -4.3271
7.9501 0.0000 -4.3120
7.9549 0.0000 -4.2969
7.9595 0.0000 -4.2817
7.9638 0.0000 -4.2665
7.9679 0.0000 -4.2511
7.9718 0.0000 -4.2358
7.9754 0.0000 -4.2203
7.9788 0.0000 -4.2048
7.9819 0.0000 -4.1893
7.9848 0.0000 -4.1736
7.9874 0.0000 -4.1580
7.9898 0.0000 -4.1423
7.9920 0.0000 -4.1266
7.9938 0.0000 -4.1108
7.9955 0.0000 -4.0951
7.9969 0.0000 -4.0792
7.9980 0.0000 -4.0634
7.9989 0.0000 -4.0476
7.9995 0.0000 -4.0317
7.9999 0.0000 -4.0159
8.0000 0.0000 -4.0000
8.0000 0.0000 -4.0000
8.0000 0.0000 2.0000
8.0000 0.0000 2.0000
7.9999 0.0000 2.0159
7.9995 0.0000 2.0317
7.9989 0.0000 2.0476
7.9980 0.0000 2.0634
7.9969 0.0000 2.0792
7.9955 0.0000 2.0951
7.9938 0.0000 2.1108
7.9920 0.0000 2.1266
7.9898 0.0000 2.1423
7.9874 0.0000 2.1580
7.9848 0.0000 2.1736
7.9819 0.0000 2.1893
7.9788 0.0000 2.2048
7.9754 0.0000 2.2203
7.9718 0.0000 2.2358
7.9679 0.0000 2.2511
7.9638 0.0000 2.2665
7.9595 0.0000 2.2817
7.9549 0.0000 2.2969
7.9501 0.0000 2.3120
7.9450 0.0000 2.3271
7.9397 0.0000 2.3420
7.9341 0.0000 2.3569
7.9284 0.0000 2.3717
7.9224 0.0000 2.3863
7.9161 0.0000 2.4009
7.9096 0.0000 2.4154
7.9029 0.0000 2.4298
7.8960 0.0000 2.4441
7.8888 0.0000 2.4582
7.8815 0.0000 2.4723
7.8738 0.0000 2.4862
7.8660 0.0000 2.5000
7.8580 0.0000 2.5137
7.8497 0.0000 2.5272
7.8413 0.0000 2.5406
7.8326 0.0000 2.5539
7.8237 0.0000 2.5671
7.8146 0.0000 2.5801
7.8053 0.0000 2.5929
7.7958 0.0000 2.6056
7.7861 0.0000 2.6182
7.7761 0.0000 2.6306
7.7660 0.0000 2.6428
7.7557 0.0000 2.6549
7.7453 0.0000 2.6668
7.7346 0.0000 2.6785
7.7237 0.0000 2.6901
7.7127 0.0000 2.7015
7.7015 0.0000 2.7127
7.6901 0.0000 2.7237
7.6785 0.0000 2.7346
7.6668 0.0000 2.7453
7.6549 0.0000 2.7557
7.6428 0.0000 2.7660
7.6306 0.0000 2.7761
7.6182 0.0000 2.7861
7.6056 0.0000 2.7958
7.5929 0.0000 2.8053
7.5801 0.0000 2.8146
7.5671 0.0000 2.8237
7.5539 0.0000 2.8326
7.5406 0.0000 2.8413
7.5272 0.0000 2.8497
7.5137 0.0000 2.8580
7.5000 0.0000 2.8660
7.4862 0.0000 2.8738
7.4723 0.0000 2.8815
7.4582 0.0000 2.8888
7.4441 0.0000 2.8960
7.4298 0.0000 2.9029
7.4154 0.0000 2.9096
7.4009 0.0000 2.9161
7.3863 0.0000 2.9224
7.3717 0.0000 2.9284
7.3569 0.0000 2.9341
7.3420 0.0000 2.9397
7.3271 0.0000 2.9450
7.3120 0.0000 2.9501
7.2969 0.0000 2.9549
7.2817 0.0000 2.9595
7.2665 0.0000 2.9638
7.2511 0.0000 2.9679
7.2358 0.0000 2.9718
7.2203 0.0000 2.9754
7.2048 0.0000 2.9788
7.1893 0.0000 2.9819
7.1736 0.0000 2.9848
7.1580 0.0000 2.9874
7.1423 0.0000 2.9898
7.1266 0.0000 2.9920
7.1108 0.0000 2.9938
7.0951 0.0000 2.9955
7.0792 0.0000 2.9969
7.0634 0.0000 2.9980
7.0476 0.0000 2.9989
7.0317 0.0000 2.9995
7.0159 0.0000 2.9999
7.0000 0.0000 3.0000
7.0000 0.0000 3.0000
5.0000 0.0000 3.0000
5.0000 0.0000 3.0000
4.9207 0.0006 3.0000
4.8414 0.0025 3.0000
4.7621 0.0057 3.0000
4.6829 0.0101 3.0000
4.6038 0.0157 3.0000
4.5247 0.0226 3.0000
4.4458 0.0308 3.0000
4.3670 0.0402 3.0000
4.2884 0.0509 3.0000
4.2100 0.0628 3.0000
4.1318 0.0760 3.0000
4.0537 0.0904 3.0000
3.9760 0.1060 3.0000
3.8984 0.1229 3.0000
3.8212 0.1409 3.0000
3.7443 0.1603 3.0000
3.6676 0.1808 3.0000
3.5913 0.2025 3.0000
3.5154 0.2255 3.0000
3.4398 0.2496 3.0000
3.3647 0.2750 3.0000
3.2899 0.3015 3.0000
3.2156 0.3293 3.0000
3.1417 0.3582 3.0000
3.0683 0.3882 3.0000
2.9953 0.4195 3.0000
2.9229 0.4518 3.0000
2.8510 0.4854 3.0000
2.7797 0.5200 3.0000
2.7089 0.5558 3.0000
2.6386 0.5927 3.0000
2.5690 0.6308 3.0000
2.5000 0.6699 3.0000
2.4316 0.7101 3.0000
2.3639 0.7514 3.0000
2.2968 0.7937 3.0000
2.2304 0.8372 3.0000
2.1647 0.8816 3.0000
2.0997 0.9271 3.0000
2.0355 0.9736 3.0000
1.9720 1.0212 3.0000
1.9092 1.0697 3.0000
1.8472 1.1193 3.0000
1.7861 1.1698 3.0000
1.7257 1.2213 3.0000
1.6662 1.2737 3.0000
1.6075 1.3270 3.0000
1.5496 1.3813 3.0000
1.4926 1.4365 3.0000
1.4365 1.4926 3.0000
1.3813 1.5496 3.0000
1.3270 1.6075 3.0000
1.2737 1.6662 3.0000
1.2213 1.7257 3.0000
1.1698 1.7861 3.0000
1.1193 1.8472 3.0000
1.0697 1.9092 3.0000
1.0212 1.9720 3.0000
0.9736 2.0355 3.0000
0.9271 2.0997 3.0000
0.8816 2.1647 3.0000
0.8372 2.2304 3.0000
0.7937 2.2968 3.0000
0.7514 2.3639 3.0000
0.7101 2.4316 3.0000
0.6699 2.5000 3.0000
0.6308 2.5690 3.0000
0.5927 2.6386 3.0000
0.5558 2.7089 3.0000
0.5200 2.7797 3.0000
0.4854 2.8510 3.0000
0.4518 2.9229 3.0000
0.4195 2.9953 3.0000
0.3882 3.0683 3.0000
0.3582 3.1417 3.0000
0.3293 3.2156 3.0000
0.3015 3.2899 3.0000
0.2750 3.3647 3.0000
0.2496 3.4398 3.0000
0.2255 3.5154 3.0000
0.2025 3.5913 3.0000
0.1808 3.6676 3.0000
0.1603 3.7443 3.0000
0.1409 3.8212 3.0000
0.1229 3.8984 3.0000
0.1060 3.9760 3.0000
0.0904 4.0537 3.0000
0.0760 4.1318 3.0000
0.0628 4.2100 3.0000
0.0509 4.2884 3.0000
0.0402 4.3670 3.0000
0.0308 4.4458 3.0000
0.0226 4.5247 3.0000
0.0157 4.6038 3.0000
0.0101 4.6829 3.0000
0.0057 4.7621 3.0000
0.0025 4.8414 3.0000
0.0006 4.9207 3.0000
0.0000 5.0000 3.0000
0.0000 5.0000 3.0000
0.0000 7.0000 3.0000
0.0000 7.0000 3.0000
0.0000 7.0159 2.9999
0.0000 7.0317 2.9995
0.0000 7.0476 2.9989
0.0000 7.0634 2.9980
0.0000 7.0792 2.9969
0.0000 7.0951 2.9955
0.0000 7.1108 2.9938
0.0000 7.1266 2.9920
0.0000 7.1423 2.9898
0.0000 7.1580 2.9874
0.0000 7.1736 2.9848
0.0000 7.1893 2.9819
0.0000 7.2048 2.9788
0.0000 7.2203 2.9754
0.0000 7.2358 2.9718
0.0000 7.2511 2.9679
0.0000 7.2665 2.9638
0.0000 7.2817 2.9595
0.0000 7.2969 2.9549
0.0000 7.3120 2.9501
0.0000 7.3271 2.9450
0.0000 7.3420 2.9397
0.0000 7.3569 2.9341
0.0000 7.3717 2.9284
0.0000 7.3863 2.9224
0.0000 7.4009 2.9161
0.0000 7.4154 2.9096
0.0000 7.4298 2.9029
0.0000 7.4441 2.8960
0.0000 7.4582 2.8888
0.0000 7.4723 2.8815
0.0000 7.4862 2.8738
0.0000 7.5000 2.8660
0.0000 7.5137 2.8580
0.0000 7.5272 2.8497
0.0000 7.5406 2.8413
0.0000 7.5539 2.8326
0.0000 7.5671 2.8237
0.0000 7.5801 2.8146
0.0000 7.5929 2.8053
0.0000 7.6056 2.7958
0.0000 7.6182 2.7861
0.0000 7.6306 2.7761
0.0000 7.6428 2.7660
0.0000 7.6549 2.7557
0.0000 7.6668 2.7453
0.0000 7.6785 2.7346
0.0000 7.6901 2.7237
0.0000 7.7015 2.7127
0.0000 7.7127 2.7015
0.0000 7.7237 2.6901
0.0000 7.7346 2.6785
0.0000 7.7453 2.6668
0.0000 7.7557 2.6549
0.0000 7.7660 2.6428
0.0000 7.7761 2.6306
0.0000 7.7861 2.6182
0.0000 7.7958 2.6056
0.0000 7.8053 2.5929
0.0000 7.8146 2.5801
0.0000 7.8237 2.5671
0.0000 7.8326 2.5539
0.0000 7.8413 2.5406
0.0000 7.8497 2.5272
0.0000 7.8580 2.5137
0.0000 7.8660 2.5000
0.0000 7.8738 2.4862
0.0000 7.8815 2.4723
0.0000 7.8888 2.4582
0.0000 7.8960 2.4441
0.0000 7.9029 2.4298
0.0000 7.9096 2.4154
0.0000 7.9161 2.4009
0.0000 7.9224 2.3863
0.0000 7.9284 2.3717
0.0000 7.9341 2.3569
0.0000 7.9397 2.3420
0.0000 7.9450 2.3271
0.0000 7.9501 2.3120
0.0000 7.9549 2.2969
0.0000 7.9595 2.2817
0.0000 7.9638 2.2665
0.0000 7.9679 2.2511
0.0000 7.9718 2.2358
0.0000 7.9754 2.2203
0.0000 7.9788 2.2048
0.0000 7.9819 2.1893
0.0000 7.9848 2.1736
0.0000 7.9874 2.1580
0.0000 7.9898 2.1423
0.0000 7.9920 2.1266
0.0000 7.9938 2.1108
0.0000 7.9955 2.0951
0.0000 7.9969 2.0792
0.0000 7.9980 2.0634
0.0000 7.9989 2.0476
0.0000 7.9995 2.0317
0.0000 7.9999 2.0159
0.0000 8.0000 2.0000
0.0000 8.0000 2.0000
0.0000 8.0000 -4.0000
0.0000 8.0000 -4.0000
0.0000 7.9999 -4.0159
0.0000 7.9995 -4.0317
0.0000 7.9989 -4.0476
0.0000 7.9980 -4.0634
0.0000 7.9969 -4.0792
0.0000 7.9955 -4.0951
0.0000 7.9938 -4.1108
0.0000 7.9920 -4.1266
0.0000 7.9898 -4.1423
0.0000 7.9874 -4.1580
0.0000 7.9848 -4.1736
0.0000 7.9819 -4.1893
0.0000 7.9788 -4.2048
0.0000 7.9754 -4.2203
0.0000 7.9718 -4.2358
0.0000 7.9679 -4.2511
0.0000 7.9638 -4.2665
0.0000 7.9595 -4.2817
0.0000 7.9549 -4.2969
0.0000 7.9501 -4.3120
0.0000 7.9450 -4.3271
0.0000 7.9397 -4.3420
0.0000 7.9341 -4.3569
0.0000 7.9284 -4.3717
0.0000 7.9224 -4.3863
0.0000 7.9161 -4.4009
0.0000 7.9096 -4.4154
0.0000 7.9029 -4.4298
0.0000 7.8960 -4.4441
0.0000 7.8888 -4.4582
0.0000 7.8815 -4.4723
0.0000 7.8738 -4.4862
0.0000 7.8660 -4.5000
0.0000 7.8580 -4.5137
0.0000 7.8497 -4.5272
0.0000 7.8413 -4.5406
0.0000 7.8326 -4.5539
0.0000 7.8237 -4.5671
0.0000 7.8146 -4.5801
0.0000 7.8053 -4.5929
0.0000 7.7958 -4.6056
0.0000 7.7861 -4.6182
0.0000 7.7761 -4.6306
0.0000 7.7660 -4.6428
0.0000 7.7557 -4.6549
0.0000 7.7453 -4.6668
0.0000 7.7346 -4.6785
0.0000 7.7237 -4.6901
0.0000 7.7127 -4.7015
0.0000 7.7015 -4.7127
0.0000 7.6901 -4.7237
0.0000 7.6785 -4.7346
0.0000 7.6668 -4.7453
0.0000 7.6549 -4.7557
0.0000 7.6428 -4.7660
0.0000 7.6306 -4.7761
0.0000 7.6182 -4.7861
0.0000 7.6056 -4.7958
0.0000 7.5929 -4.8053
0.0000 7.5801 -4.8146
0.0000 7.5671 -4.8237
0.0000 7.5539 -4.8326
0.0000 7.5406 -4.8413
0.0000 7.5272 -4.8497
0.0000 7.5137 -4.8580
0.0000 7.5000 -4.8660
0.0000 7.4862 -4.8738
0.0000 7.4723 -4.8815
0.0000 7.4582 -4.8888
0.0000 7.4441 -4.8960
0.0000 7.4298 -4.9029
0.0000 7.4154 -4.9096
0.0000 7.4009 -4.9161
0.0000 7.3863 -4.9224
0.0000 7.3717 -4.9284
0.0000 7.3569 -4.9341
0.0000 7.3420 -4.9397
0.0000 7.3271 -4.9450
0.0000 7.3120 -4.9501
0.0000 7.2969 -4.9549
0.0000 7.2817 -4.9595
0.0000 7.2665 -4.9638
0.0000 7.2511 -4.9679
0.0000 7.2358 -4.9718
0.0000 7.2203 -4.9754
0.0000 7.2048 -4.9788
0.0000 7.1893 -4.9819
0.0000 7.1736 -4.9848
0.0000 7.1580 -4.9874
0.0000 7.1423 -4.9898
0.0000 7.1266 -4.9920
0.0000 7.1108 -4.9938
0.0000 7.0951 -4.9955
0.0000 7.0792 -4.9969
0.0000 7.0634 -4.9980
0.0000 7.0476 -4.9989
0.0000 7.0317 -4.9995
0.0000 7.0159 -4.9999
0.0000 7.0000 -5.0000
0.0000 7.0000 -5.0000
0.0000 6.9930 -5.0000
0.0000 6.9860 -4.9999
0.0000 6.9790 -4.9998
0.0000 6.9719 -4.9997
0.0000 6.9649 -4.9995
0.0000 6.9579 -4.9993
0.0000 6.9508 -4.9990
0.0000 6.9438 -4.9987
0.0000 6.9367 -4.9984
0.0000 6.9296 -4.9980
0.0000 6.9226 -4.9976
0.0000 6.9155 -4.9971
0.0000 6.9084 -4.9966
0.0000 6.9013 -4.9961
0.0000 6.8942 -4.9955
0.0000 6.8871 -4.9949
0.0000 6.8800 -4.9942
0.0000 6.8728 -4.9935
0.0000 6.8657 -4.9928
0.0000 6.8586 -4.9920
0.0000 6.8514 -4.9912
0.0000 6.8443 -4.9903
0.0000 6.8371 -4.9894
0.0000 6.8299 -4.9885
0.0000 6.8228 -4.9875
0.0000 6.8156 -4.9865
0.0000 6.8084 -4.9854
0.0000 6.8012 -4.9843
0.0000 6.7940 -4.9832
0.0000 6.7868 -4.9820
0.0000 6.7795 -4.9808
0.0000 6.7723 -4.9795
0.0000 6.7651 -4.9782
0.0000 6.7578 -4.9769
0.0000 6.7506 -4.9755
0.0000 6.7433 -4.9741
0.0000 6.7360 -4.9726
0.0000 6.7287 -4.9711
0.0000 6.7215 -4.9696
0.0000 6.7142 -4.9680
0.0000 6.7069 -4.9664
0.0000 6.6996 -4.9647
0.0000 6.6922 -4.9630
0.0000 6.6849 -4.9613
0.0000 6.6776 -4.9595
0.0000 6.6702 -4.9577
0.0000 6.6629 -4.9558
0.0000 6.6555 -4.9539
0.0000 6.6482 -4.9520
0.0000 6.6408 -4.9500
0.0000 6.6334 -4.9480
0.0000 6.6260 -4.9459
0.0000 6.6186 -4.9438
0.0000 6.6112 -4.9417
0.0000 6.6038 -4.9395
0.0000 6.5964 -4.9373
0.0000 6.5889 -4.9350
0.0000 6.5815 -4.9327
0.0000 6.5740 -4.9304
0.0000 6.5666 -4.9280
0.0000 6.5591 -4.9256
0.0000 6.5516 -4.9231
0.0000 6.5442 -4.9206
0.0000 6.5367 -4.9181
0.0000 6.5292 -4.9155
0.0000 6.5217 -4.9129
0.0000 6.5141 -4.9102
0.0000 6.5066 -4.9075
0.0000 6.4991 -4.9048
0.0000 6.4915 -4.9020
0.0000 6.4840 -4.8992
0.0000 6.4764 -4.8963
0.0000 6.4688 -4.8934
0.0000 6.4613 -4.8905
0.0000 6.4537 -4.8875
0.0000 6.4461 -4.8845
0.0000 6.4385 -4.8814
0.0000 6.4309 -4.8783
0.0000 6.4232 -4.8752
0.0000 6.4156 -4.8720
0.0000 6.4080 -4.8688
0.0000 6.4003 -4.8655
0.0000 6.3927 -4.8622
0.0000 6.3850 -4.8589
0.0000 6.3773 -4.8555
0.0000 6.3696 -4.8521
0.0000 6.3619 -4.8486
0.0000 6.3542 -4.8451
0.0000 6.3465 -4.8416
0.0000 6.3388 -4.8380
0.0000 6.3310 -4.8344
0.0000 6.3233 -4.8307
0.0000 6.3155 -4.8270
0.0000 6.3078 -4.8233
0.0000 6.3000 -4.8195
0.0000 6.2922 -4.8157
0.0000 6.2844 -4.8118
0.0000 6.2766 -4.8079
0.0000 6.2688 -4.8040
0.0000 6.2610 -4.8000
0.0000 6.2532 -4.7960
0.0000 6.2453 -4.7919
0.0000 6.2375 -4.7878
0.0000 6.2296 -4.7837
0.0000 6.2217 -4.7795
0.0000 6.2139 -4.7753
0.0000 6.2060 -4.7710
0.0000 6.1981 -4.7667
0.0000 6.1902 -4.7624
0.0000 6.1822 -4.7580
0.0000 6.1743 -4.7536
0.0000 6.1664 -4.7491
0.0000 6.1584 -4.7446
0.0000 6.1504 -4.7401
0.0000 6.1425 -4.7355
0.0000 6.1345 -4.7309
0.0000 6.1265 -4.7262
0.0000 6.1185 -4.7215
0.0000 6.1105 -4.7168
0.0000 6.1025 -4.7120
0.0000 6.0944 -4.7072
0.0000 6.0864 -4.7023
0.0000 6.0783 -4.6974
0.0000 6.0703 -4.6925
0.0000 6.0622 -4.6875
0.0000 6.0541 -4.6825
0.0000 6.0460 -4.6774
0.0000 6.0379 -4.6723
0.0000 6.0298 -4.6672
0.0000 6.0216 -4.6620
0.0000 6.0135 -4.6568
0.0000 6.0053 -4.6515
0.0000 5.9972 -4.6462
0.0000 5.9890 -4.6409
0.0000 5.9808 -4.6355
0.0000 5.9726 -4.6301
0.0000 5.9644 -4.6246
0.0000 5.9562 -4.6191
0.0000 5.9479 -4.6136
0.0000 5.9397 -4.6080
0.0000 5.9314 -4.6024
0.0000 5.9232 -4.5967
0.0000 5.9149 -4.5910
0.0000 5.9066 -4.5853
0.0000 5.8983 -4.5795
0.0000 5.8900 -4.5737
0.0000 5.8817 -4.5678
0.0000 5.8733 -4.5619
0.0000 5.8650 -4.5560
0.0000 5.8566 -4.5500
0.0000 5.8482 -4.5440
0.0000 5.8399 -4.5379
0.0000 5.8315 -4.5318
0.0000 5.8231 -4.5257
0.0000 5.8146 -4.5195
0.0000 5.8062 -4.5133
0.0000 5.7978 -4.5070
0.0000 5.7893 -4.5007
0.0000 5.7808 -4.4944
0.0000 5.7723 -4.4880
0.0000 5.7639 -4.4816
0.0000 5.7553 -4.4751
0.0000 5.7468 -4.4686
0.0000 5.7383 -4.4621
0.0000 5.7297 -4.4555
0.0000 5.7212 -4.4489
0.0000 5.7126 -4.4422
0.0000 5.7040 -4.4355
0.0000 5.6954 -4.4288
0.0000 5.6868 -4.4220
0.0000 5.6782 -4.4152
0.0000 5.6696 -4.4083
0.0000 5.6609 -4.4014
0.0000 5.6523 -4.3945
0.0000 5.6436 -4.3875
0.0000 5.6349 -4.3805
0.0000 5.6262 -4.3734
0.0000 5.6175 -4.3663
0.0000 5.6087 -4.3592
0.0000 5.6000 -4.3520
0.0000 5.5912 -4.3448
0.0000 5.5825 -4.3375
0.0000 5.5737 -4.3302
0.0000 5.5649 -4.3229
0.0000 5.5561 -4.3155
0.0000 5.5473 -4.3081
0.0000 5.5384 -4.3006
0.0000 5.5296 -4.2931
0.0000 5.5207 -4.2856
0.0000 5.5118 -4.2780
0.0000 5.5029 -4.2704
0.0000 5.4940 -4.2627
0.0000 5.4851 -4.2550
0.0000 5.4761 -4.2473
0.0000 5.4672 -4.2395
0.0000 5.4582 -4.2317
0.0000 5.4492 -4.2238
0.0000 5.4402 -4.2159
0.0000 5.4312 -4.2080
0.0000 5.4222 -4.2000
0.0000 5.4131 -4.1920
0.0000 5.4041 -4.1839
0.0000 5.3950 -4.1758
0.0000 5.3859 -4.1677
0.0000 5.3768 -4.1595
0.0000 5.3677 -4.1513
0.0000 5.3585 -4.1430
0.0000 5.3494 -4.1347
0.0000 5.3402 -4.1264
0.0000 5.3310 -4.1180
0.0000 5.3218 -4.1096
0.0000 5.3126 -4.1011
0.0000 5.3034 -4.0926
0.0000 5.2941 -4.0841
0.0000 5.2849 -4.0755
0.0000 5.2756 -4.0669
0.0000 5.2663 -4.0582
0.0000 5.2570 -4.0495
0.0000 5.2477 -4.0408
0.0000 5.2383 -4.0320
0.0000 5.2290 -4.0232
0.0000 5.2196 -4.0143
0.0000 5.2102 -4.0054
0.0000 5.2008 -3.9965
0.0000 5.1913 -3.9875
0.0000 5.1819 -3.9785
0.0000 5.1724 -3.9694
0.0000 5.1629 -3.9603
0.0000 5.1534 -3.9512
0.0000 5.1439 -3.9420
0.0000 5.1344 -3.9328
0.0000 5.1248 -3.9235
0.0000 5.1153 -3.9142
0.0000 5.1057 -3.9049
0.0000 5.0961 -3.8955
0.0000 5.0865 -3.8861
0.0000 5.0768 -3.8766
0.0000 5.0671 -3.8671
0.0000 5.0575 -3.8576
0.0000 5.0478 -3.8480
0.0000 5.0381 -3.8384
0.0000 5.0283 -3.8287
0.0000 5.0186 -3.8190
0.0000 5.0088 -3.8093
0.0000 4.9990 -3.7995
0.0000 4.9892 -3.7897
0.0000 4.9794 -3.7798
0.0000 4.9695 -3.7699
0.0000 4.9596 -3.7600
0.0000 4.9497 -3.7500
0.0000 4.9398 -3.7400
0.0000 4.9299 -3.7299
0.0000 4.9200 -3.7198
0.0000 4.9100 -3.7097
0.0000 4.9000 -3.6995
0.0000 4.8900 -3.6893
0.0000 4.8800 -3.6790
0.0000 4.8699 -3.6687
0.0000 4.8598 -3.6584
0.0000 4.8497 -3.6480
0.0000 4.8396 -3.6376
0.0000 4.8295 -3.6271
0.0000 4.8193 -3.6166
0.0000 4.8092 -3.6061
0.0000 4.7990 -3.5955
0.0000 4.7887 -3.5849
0.0000 4.7785 -3.5742
0.0000 4.7682 -3.5635
0.0000 4.7579 -3.5528
0.0000 4.7476 -3.5420
0.0000 4.7373 -3.5312
0.0000 4.7269 -3.5203
0.0000 4.7166 -3.5094
0.0000 4.7062 -3.4985
0.0000 4.6957 -3.4875
0.0000 4.6853 -3.4765
0.0000 4.6748 -3.4654
0.0000 4.6643 -3.4543
0.0000 4.6538 -3.4432
0.0000 4.6433 -3.4320
0.0000 4.6327 -3.4208
0.0000 4.6221 -3.4095
0.0000 4.6115 -3.3982
0.0000 4.6009 -3.3869
0.0000 4.5902 -3.3755
0.0000 4.5795 -3.3641
0.0000 4.5688 -3.3526
0.0000 4.5581 -3.3411
0.0000 4.5473 -3.3296
0.0000 4.5365 -3.3180
0.0000 4.5257 -3.3064
0.0000 4.5149 -3.2947
0.0000 4.5040 -3.2830
0.0000 4.4931 -3.2713
0.0000 4.4822 -3.2595
0.0000 4.4712 -3.2477
0.0000 4.4603 -3.2358
0.0000 4.4493 -3.2239
0.0000 4.4382 -3.2120
0.0000 4.4272 -3.2000
0.0000 4.4161 -3.1880
0.0000 4.4050 -3.1759
0.0000 4.3939 -3.1638
0.0000 4.3827 -3.1517
0.0000 4.3715 -3.1395
0.0000 4.3603 -3.1273
0.0000 4.3490 -3.1150
0.0000 4.3377 -3.1027
0.0000 4.3264 -3.0904
0.0000 4.3151 -3.0780
0.0000 4.3037 -3.0656
0.0000 4.2923 -3.0531
0.0000 4.2809 -3.0406
0.0000 4.2694 -3.0281
0.0000 4.2579 -3.0155
0.0000 4.2464 -3.0029
0.0000 4.2349 -2.9902
0.0000 4.2233 -2.9775
0.0000 4.2117 -2.9648
0.0000 4.2000 -2.9520
0.0000 4.1883 -2.9392
0.0000 4.1766 -2.9263
0.0000 4.1649 -2.9134
0.0000 4.1531 -2.9005
0.0000 4.1413 -2.8875
0.0000 4.1294 -2.8745
0.0000 4.1175 -2.8614
0.0000 4.1056 -2.8483
0.0000 4.0937 -2.8352
0.0000 4.0817 -2.8220
0.0000 4.0696 -2.8088
0.0000 4.0576 -2.7955
0.0000 4.0455 -2.7822
0.0000 4.0334 -2.7689
0.0000 4.0212 -2.7555
0.0000 4.0090 -2.7421
0.0000 3.9967 -2.7286
0.0000 3.9845 -2.7151
0.0000 3.9722 -2.7016
0.0000 3.9598 -2.6880
0.0000 3.9474 -2.6744
0.0000 3.9350 -2.6607
0.0000 3.9225 -2.6470
0.0000 3.9100 -2.6333
0.0000 3.8974 -2.6195
0.0000 3.8848 -2.6057
0.0000 3.8722 -2.5918
0.0000 3.8595 -2.5779
0.0000 3.8468 -2.5640
0.0000 3.8341 -2.5500
0.0000 3.8213 -2.5360
0.0000 3.8084 -2.5219
0.0000 3.7955 -2.5078
0.0000 3.7826 -2.4937
0.0000 3.7696 -2.4795
0.0000 3.7566 -2.4653
0.0000 3.7435 -2.4510
0.0000 3.7304 -2.4367
0.0000 3.7173 -2.4224
0.0000 3.7041 -2.4080
0.0000 3.6908 -2.3936
0.0000 3.6775 -2.3791
0.0000 3.6642 -2.3646
0.0000 3.6508 -2.3501
0.0000 3.6373 -2.3355
0.0000 3.6238 -2.3209
0.0000 3.6103 -2.3062
0.0000 3.5967 -2.2915
0.0000 3.5830 -2.2768
0.0000 3.5693 -2.2620
0.0000 3.5556 -2.2472
0.0000 3.5418 -2.2323
0.0000 3.5279 -2.2174
0.0000 3.5140 -2.2025
0.0000 3.5000 -2.1875
0.0000 3.4860 -2.1725
0.0000 3.4719 -2.1574
0.0000 3.4577 -2.1423
0.0000 3.4435 -2.1272
0.0000 3.4293 -2.1120
0.0000 3.4150 -2.0968
0.0000 3.4006 -2.0815
0.0000 3.3861 -2.0662
0.0000 3.3716 -2.0509
0.0000 3.3571 -2.0355
0.0000 3.3425 -2.0201
0.0000 3.3278 -2.0046
0.0000 3.3130 -1.9891
0.0000 3.2982 -1.9736
0.0000 3.2833 -1.9580
0.0000 3.2683 -1.9424
0.0000 3.2533 -1.9267
0.0000 3.2382 -1.9110
0.0000 3.2230 -1.8953
0.0000 3.2078 -1.8795
0.0000 3.1925 -1.8637
0.0000 3.1771 -1.8478
0.0000 3.1616 -1.8319
0.0000 3.1461 -1.8160
0.0000 3.1305 -1.8000
0.0000 3.1148 -1.7840
0.0000 3.0990 -1.7679
0.0000 3.0832 -1.7518
0.0000 3.0672 -1.7357
0.0000 3.0512 -1.7195
0.0000 3.0351 -1.7033
0.0000 3.0189 -1.6870
0.0000 3.0027 -1.6707
0.0000 2.9863 -1.6544
0.0000 2.9698 -1.6380
0.0000 2.9533 -1.6216
0.0000 2.9367 -1.6051
0.0000 2.9199 -1.5886
0.0000 2.9031 -1.5721
0.0000 2.8862 -1.5555
0.0000 2.8691 -1.5389
0.0000 2.8520 -1.5222
0.0000 2.8348 -1.5055
0.0000 2.8174 -1.4888
0.0000 2.8000 -1.4720
0.0000 2.7824 -1.4552
0.0000 2.7648 -1.4383
0.0000 2.7470 -1.4214
0.0000 2.7291 -1.4045
0.0000 2.7111 -1.3875
0.0000 2.6930 -1.3705
0.0000 2.6747 -1.3534
0.0000 2.6563 -1.3363
0.0000 2.6378 -1.3192
0.0000 2.6192 -1.3020
0.0000 2.6004 -1.2848
0.0000 2.5815 -1.2675
0.0000 2.5624 -1.2502
0.0000 2.5432 -1.2329
0.0000 2.5239 -1.2155
0.0000 2.5044 -1.1981
0.0000 2.4848 -1.1806
0.0000 2.4650 -1.1631
0.0000 2.4450 -1.1456
0.0000 2.4249 -1.1280
0.0000 2.4046 -1.1104
0.0000 2.3841 -1.0927
0.0000 2.3635 -1.0750
0.0000 2.3426 -1.0573
0.0000 2.3216 -1.0395
0.0000 2.3004 -1.0217
0.0000 2.2790 -1.0038
0.0000 2.2574 -0.9859
0.0000 2.2356 -0.9680
0.0000 2.2136 -0.9500
0.0000 2.1913 -0.9320
0.0000 2.1689 -0.9139
0.0000 2.1462 -0.8958
0.0000 2.1232 -0.8777
0.0000 2.1000 -0.8595
0.0000 2.0765 -0.8413
0.0000 2.0528 -0.8230
0.0000 2.0288 -0.8047
0.0000 2.0045 -0.7864
0.0000 1.9799 -0.7680
0.0000 1.9550 -0.7496
0.0000 1.9298 -0.7311
0.0000 1.9042 -0.7126
0.0000 1.8783 -0.6941
0.0000 1.8520 -0.6755
0.0000 1.8254 -0.6569
0.0000 1.7983 -0.6382
0.0000 1.7709 -0.6195
0.0000 1.7430 -0.6008
0.0000 1.7146 -0.5820
0.0000 1.6858 -0.5632
0.0000 1.6565 -0.5443
0.0000 1.6267 -0.5254
0.0000 1.5962 -0.5065
0.0000 1.5652 -0.4875
0.0000 1.5336 -0.4685
0.0000 1.5013 -0.4494
0.0000 1.4683 -0.4303
0.0000 1.4346 -0.4112
0.0000 1.4000 -0.3920
0.0000 1.3646 -0.3728
0.0000 1.3282 -0.3535
0.0000 1.2907 -0.3342
0.0000 1.2522 -0.3149
0.0000 1.2124 -0.2955
0.0000 1.1713 -0.2761
0.0000 1.1287 -0.2566
0.0000 1.0844 -0.2371
0.0000 1.0383 -0.2176
0.0000 0.9899 -0.1980
0.0000 0.9391 -0.1784
0.0000 0.8854 -0.1587
0.0000 0.8283 -0.1390
0.0000 0.7668 -0.1193
0.0000 0.7000 -0.0995
0.0000 0.6261 -0.0797
0.0000 0.5422 -0.0598
0.0000 0.4427 -0.0399
0.0000 0.3130 -0.0200
0.0000 0.0000 0.0000
